example input data to run RothC for a number of years
clay and depth are only needed once, other data are monthly jan-dec 
 (%)     (cm)  (t C/ha)      (-)
clay	depth	    iom   nsteps
13.0	25.0	 3.0041      840
(-)    (-)       (%)    (C)     (mm)    (mm)  (t C/ha) (t C/ha) (-)      (-) 
year  month    modern	Tmp	Rain	Evap   C_inp	FYM	PC    DPM_RPM
1	1	100	3.73	52.2	6.6	0	0	1	1.44
1	2	100	3.08	42.9	17.3	0	0	1	1.44
1	3	100	5.49	35.2	40.7	0	0	1	1.44
1	4	100	7.4	52	70.5	0	0	1	1.44
1	5	100	10.94	64.9	103.5	0	0	1	1.44
1	6	100	14.4	46.3	117.3	0	0	1	1.44
1	7	100	16.28	63.5	130.1	0	0	1	1.44
1	8	100	16.24	60.6	106.9	1.74	0	1	1.44
1	9	100	13.78	58.8	61.9	0	0	0	1.44
1	10	100	9.51	63.4	29.5	0	0	1	1.44
1	11	100	6.22	72.5	8.8	0	0	1	1.44
1	12	100	4.09	60.9	3.9	0	0	1	1.44
1939	1	97.5	3.99	114.5	8.2	0	0	1	1.44
1939	2	97.5	5.37	30.7	17.2	0	0	1	1.44
1939	3	97.5	5.46	51.6	43.1	0	0	1	1.44
1939	4	97.5	8.3	90.3	68.2	0	0	1	1.44
1939	5	97.5	10.53	40.4	99.3	0	0	1	1.44
1939	6	97.5	13.55	74.9	112.5	0	0	1	1.44
1939	7	97.5	15.56	59.8	128.9	0	0	1	1.44
1939	8	97.5	16.06	96.4	104.4	1.4643	0	1	1.44
1939	9	97.5	14.07	25.2	64.2	0	0	0	1.44
1939	10	97.5	7.91	103.6	27.7	0	0	0	1.44
1939	11	97.5	8.47	105.4	12.9	0	0	1	1.44
1939	12	97.5	2.36	58	3.6	0	0	1	1.44
1940	1	97.5	-2.6	56.1	2.4	0	0	1	1.44
1940	2	97.5	1.61	52.9	18.2	0	0	1	1.44
1940	3	97.5	5.97	79.1	47.1	0	0	1	1.44
1940	4	97.5	8.52	69.7	78.9	0.0571	0	1	1.44
1940	5	97.5	12.14	45.8	105.3	0.0571	0	1	1.44
1940	6	97.5	15.66	35.4	120.3	0.0571	0	1	1.44
1940	7	97.5	14.77	82.2	124.7	0.0571	0	1	1.44
1940	8	97.5	15.47	6	111.3	0.0571	0	1	1.44
1940	9	97.5	12.62	29.7	62.9	0.2854	0	1	1.44
1940	10	97.5	8.8	81.4	28.1	0	0	1	1.44
1940	11	97.5	6.39	189.3	6	0	0	1	1.44
1940	12	97.5	3.03	46.2	3	0	0	1	1.44
1941	1	97.5	-0.03	74.8	4	0	0	0	1.44
1941	2	97.5	3.28	55.9	16.1	0	0	0	1.44
1941	3	97.5	4.5	88.3	43	0	0	0	1.44
1941	4	97.5	6.18	45.6	73.9	0	0	0	1.44
1941	5	97.5	8.42	58.6	104.3	0	0	1	1.44
1941	6	97.5	15.01	40.9	120.8	0	0	1	1.44
1941	7	97.5	17.53	67.8	134.9	0	0	1	1.44
1941	8	97.5	14.5	105	102.9	0	0	1	1.44
1941	9	97.5	13.95	25.5	65.7	1.3266	0	1	1.44
1941	10	97.5	9.84	52.5	29.5	0	0	0	1.44
1941	11	97.5	6.25	69.6	10.2	0	0	0	1.44
1941	12	97.5	4.94	42.8	4.4	0	0	0	1.44
1942	1	97.5	-0.21	71	7	0	0	0	1.44
1942	2	97.5	-0.42	34.2	15.3	0	0	0	1.44
1942	3	97.5	4.74	37.1	43.3	0	0	0	1.44
1942	4	97.5	8.73	32.8	70.5	0	0	1	1.44
1942	5	97.5	11.07	68.3	107.1	0	0	1	1.44
1942	6	97.5	14.56	11.3	121.8	0	0	1	1.44
1942	7	97.5	15.69	70.3	132.7	0	0	1	1.44
1942	8	97.5	16.54	39.1	114.2	1.1377	0	1	1.44
1942	9	97.5	13.84	27.7	67.2	0	0	0	1.44
1942	10	97.5	10.53	60.9	34.1	0	0	0	1.44
1942	11	97.5	4.63	54.7	7.2	0	0	0	1.44
1942	12	97.5	6.46	66.3	3.5	0	0	0	1.44
1943	1	97.5	4.68	104.9	7.8	0	0	0	1.44
1943	2	97.5	5.39	27.5	19.5	0	0	0	1.44
1943	3	97.5	5.95	27.8	43.4	0	0	0	1.44
1943	4	97.5	10.76	37.4	82.5	0	0	0	1.44
1943	5	97.5	12.1	58.2	104.9	0	0	1	1.44
1943	6	97.5	14.29	51	119.7	0	0	1	1.44
1943	7	97.5	16.35	23.7	134.8	0	0	1	1.44
1943	8	97.5	16.45	46.6	116	0	0	1	1.44
1943	9	97.5	13.36	51.9	64.1	1.1423	0	1	1.44
1943	10	97.5	10.4	68.5	31.4	0	0	0	1.44
1943	11	97.5	5.41	44.7	8.5	0	0	0	1.44
1943	12	97.5	2.82	50.4	3.1	0	0	0	1.44
1944	1	97.5	5.65	46.6	12.2	0	0	1	1.44
1944	2	97.5	2.89	39.6	22.3	0	0	1	1.44
1944	3	97.5	4.77	17.7	45	0	0	1	1.44
1944	4	97.5	10.05	67	81	0	0	1	1.44
1944	5	97.5	11.28	103.7	108.5	0	0	1	1.44
1944	6	97.5	13.54	48.7	124.9	0	0	1	1.44
1944	7	97.5	16.63	61	138.7	0	0	1	1.44
1944	8	97.5	17.35	64.4	115.8	1.3615	0	1	1.44
1944	9	97.5	12.42	54.4	61.7	0	0	0	1.44
1944	10	97.5	9.24	91.5	31	0	0	0	1.44
1944	11	97.5	6.02	91.8	11.3	0	0	1	1.44
1944	12	97.5	2.83	34.3	2.4	0	0	1	1.44
1945	1	95	-0.27	54.3	5	0	0	1	1.44
1945	2	95	7.06	45.9	19	0	0	1	1.44
1945	3	95	7.78	23.3	46.4	0	0	1	1.44
1945	4	95	9.77	24.3	76.8	0.064	0	1	1.44
1945	5	95	12.65	56.6	113.3	0.064	0	1	1.44
1945	6	95	14.46	62.2	123.4	0.064	0	1	1.44
1945	7	95	16.79	64.2	135.3	0.064	0	1	1.44
1945	8	95	15.59	45.3	111.3	0.064	0	1	1.44
1945	9	95	14.38	61.2	76.7	0.3199	0	1	1.44
1945	10	95	11.6	89.9	31	0	0	1	1.44
1945	11	95	6.92	33.7	11.8	0	0	1	1.44
1945	12	95	4.41	88.6	5.1	0	0	1	1.44
1946	1	95	2.79	45.2	8.5	0	0	0	1.44
1946	2	95	5.84	58.6	20.4	0	0	0	1.44
1946	3	95	4.61	40.8	43.5	0	0	0	1.44
1946	4	95	9.53	34.8	70.6	0	0	0	1.44
1946	5	95	10.09	59.1	102.8	0	0	1	1.44
1946	6	95	13.18	96.4	118.4	0	0	1	1.44
1946	7	95	16.54	40.7	129.5	0	0	1	1.44
1946	8	95	14.88	108.5	106.5	0	0	1	1.44
1946	9	95	14.02	75.8	67.5	1.1555	0	1	1.44
1946	10	95	9.3	60	32.7	0	0	0	1.44
1946	11	95	7.91	135.7	13.1	0	0	0	1.44
1946	12	95	1.99	59.6	0.8	0	0	0	1.44
1947	1	95	1.1	45.8	4.1	0	0	0	1.44
1947	2	95	-2.76	45.8	13.7	0	0	0	1.44
1947	3	95	3.47	121	39.3	0	0	0	1.44
1947	4	95	8.41	50	77.2	0	0	1	1.44
1947	5	95	13.43	31	113.6	0	0	1	1.44
1947	6	95	15.53	39.5	125.5	0	0	1	1.44
1947	7	95	17.4	37.3	140.3	0	0	1	1.44
1947	8	95	18.27	3.4	112.6	1.0614	0	1	1.44
1947	9	95	15.12	28.9	70	0	0	0	1.44
1947	10	95	9.91	13.4	32.9	0	0	0	1.44
1947	11	95	6.93	48.1	9.5	0	0	0	1.44
1947	12	95	4.96	72.2	7.2	0	0	0	1.44
1948	1	95	5.51	112	11.8	0	0	0	1.44
1948	2	95	4.26	33.9	19.7	0	0	0	1.44
1948	3	95	7.97	21.8	48.4	0	0	0	1.44
1948	4	95	8.77	40.5	68.5	0	0	0	1.44
1948	5	95	10.97	99.7	100	0	0	1	1.44
1948	6	95	13.28	75.2	123.5	0	0	1	1.44
1948	7	95	15.59	68.1	131.3	0	0	1	1.44
1948	8	95	15.04	129.1	107.3	0	0	1	1.44
1948	9	95	14.18	64.3	64.1	1.4839	0	1	1.44
1948	10	95	9.6	68.8	30.5	0	0	0	1.44
1948	11	95	6.52	35.9	7.5	0	0	0	1.44
1948	12	95	5.37	61.1	2.2	0	0	0	1.44
1949	1	95	4.98	31.1	8.2	0	0	1	1.44
1949	2	95	5.21	36.7	16.4	0	0	1	1.44
1949	3	95	4.42	42.7	43.7	0	0	1	1.44
1949	4	95	9.9	49.4	75.5	0	0	1	1.44
1949	5	95	10.54	59.7	104.9	0	0	1	1.44
1949	6	95	14.76	18.7	120.6	0	0	1	1.44
1949	7	95	17.4	30	138.9	0	0	1	1.44
1949	8	95	17.01	53.8	114.1	1.9742	0	1	1.44
1949	9	95	16.84	22.8	72.9	0	0	0	1.44
1949	10	95	11.56	138.6	31.3	0	0	0	1.44
1949	11	95	6.01	76.8	10.4	0	0	1	1.44
1949	12	95	5.62	37.3	5.5	0	0	1	1.44
1950	1	96.5	3.7	30.4	8.8	0	0	1	1.44
1950	2	96.5	5.53	100.4	22.6	0	0	1	1.44
1950	3	96.5	7.18	24.3	45.2	0	0	1	1.44
1950	4	96.5	7.58	51.9	74.1	0.262	0	1	1.44
1950	5	96.5	10.67	124.1	103.2	0.262	0	1	1.44
1950	6	96.5	16.4	42.9	121.6	0.262	0	1	1.44
1950	7	96.5	15.97	142.4	128	0.262	0	1	1.44
1950	8	96.5	15.78	72.1	105.5	0.262	0	1	1.44
1950	9	96.5	13.06	79.9	66.1	1.3098	0	1	1.44
1950	10	96.5	9.39	40.7	33.6	0	0	1	1.44
1950	11	96.5	5.54	112.3	8.1	0	0	1	1.44
1950	12	96.5	0.43	51	1.9	0	0	1	1.44
1951	1	96.5	3.6	80.1	6.8	0	0	0	1.44
1951	2	96.5	3.42	97.2	15.9	0	0	0	1.44
1951	3	96.5	4.01	93.8	42.4	0	0	0	1.44
1951	4	96.5	6.62	80.6	65.4	0	0	0	1.44
1951	5	96.5	9.92	65.8	104.2	0	0	1	1.44
1951	6	96.5	13.79	25.6	117.3	0	0	1	1.44
1951	7	96.5	16.41	44.6	133.5	0	0	1	1.44
1951	8	96.5	15.13	102.3	106.8	0	0	1	1.44
1951	9	96.5	14.19	60	66.9	1.2699	0	1	1.44
1951	10	96.5	8.63	44.1	28.3	0	0	0	1.44
1951	11	96.5	8.25	113.3	9.6	0	0	0	1.44
1951	12	96.5	5.2	46.5	2.8	0	0	0	1.44
1952	1	96.5	2.8	44.4	2.8	0	0	0	1.44
1952	2	96.5	2.7	24.8	16.6	0	0	0	1.44
1952	3	96.5	6.36	94.5	44.6	0	0	0	1.44
1952	4	96.5	9.7	59.4	79.6	0	0	1	1.44
1952	5	96.5	13.3	65.9	111.6	0	0	1	1.44
1952	6	96.5	14.62	31.6	122.6	0	0	1	1.44
1952	7	96.5	16.97	17.4	139.9	0	0	1	1.44
1952	8	96.5	16.21	87.5	109.6	1.1744	0	1	1.44
1952	9	96.5	10.96	86.9	60.8	0	0	0	1.44
1952	10	96.5	8.47	80.8	31	0	0	0	1.44
1952	11	96.5	3.46	83.9	7.5	0	0	0	1.44
1952	12	96.5	2.17	57.8	1.4	0	0	0	1.44
1953	1	96.5	2.8	34.2	7.1	0	0	0	1.44
1953	2	96.5	3.46	44.8	17.8	0	0	0	1.44
1953	3	96.5	5.09	20.8	45.5	0	0	0	1.44
1953	4	96.5	7.38	66.3	70	0	0	0	1.44
1953	5	96.5	12.39	44.7	109.5	0	0	1	1.44
1953	6	96.5	13.62	54.3	123.4	0	0	1	1.44
1953	7	96.5	15.51	79.8	128.4	0	0	1	1.44
1953	8	96.5	16.17	78.9	106.9	0	0	1	1.44
1953	9	96.5	13.69	46.6	62.3	1.3533	0	1	1.44
1953	10	96.5	9.46	65.2	31.5	0	0	0	1.44
1953	11	96.5	8.01	42.3	11.5	0	0	0	1.44
1953	12	96.5	6.6	23.9	4.8	0	0	0	1.44
1954	1	97	2.25	42.1	7.3	0	0	1	1.44
1954	2	97	2.19	61.4	15	0	0	1	1.44
1954	3	97	5.51	67.4	41.2	0	0	1	1.44
1954	4	97	6.77	8	68.3	0	0	1	1.44
1954	5	97	11.03	74.2	111.3	0	0	1	1.44
1954	6	97	13.57	79	123.5	0	0	1	1.44
1954	7	97	14.49	62.8	129.6	0	0	1	1.44
1954	8	97	14.73	98	105.5	2.0911	0	1	1.44
1954	9	97	13.07	53.7	60.8	0	0	0	1.44
1954	10	97	11.93	70.1	33.2	0	0	0	1.44
1954	11	97	6.63	114.4	10.8	0	0	1	1.44
1954	12	97	6.28	64.9	4.7	0	0	1	1.44
1955	1	99	2.12	71.7	6.6	0	0	1	1.44
1955	2	99	0.91	42.4	13.4	0	0	1	1.44
1955	3	99	2.61	32.3	38.2	0	0	1	1.44
1955	4	99	9.21	13.1	76.6	0.3022	0	1	1.44
1955	5	99	9.68	121.6	102.7	0.3022	0	1	1.44
1955	6	99	13.72	57.5	120.5	0.3022	0	1	1.44
1955	7	99	17.12	10.4	133.2	0.3022	0	1	1.44
1955	8	99	17.89	23.7	118.1	0.3022	0	1	1.44
1955	9	99	14.05	45.5	66.8	1.511	0	1	1.44
1955	10	99	8.86	61.2	28.9	0	0	1	1.44
1955	11	99	6.41	44.2	11	0	0	1	1.44
1955	12	99	5.39	61.1	2.2	0	0	1	1.44
1956	1	101.5	3.38	105.3	6	0	0	0	1.44
1956	2	101.5	-1.44	24.5	13	0	0	0	1.44
1956	3	101.5	5.85	25.2	42.4	0	0	0	1.44
1956	4	101.5	6.17	36	69.4	0	0	0	1.44
1956	5	101.5	11.88	12	109.5	0	0	1	1.44
1956	6	101.5	12.74	69.4	119	0	0	1	1.44
1956	7	101.5	15.72	104	128.3	0	0	1	1.44
1956	8	101.5	13.6	111.1	101.2	0	0	1	1.44
1956	9	101.5	14.1	68.3	66.6	0	0	1	1.44
1956	10	101.5	8.9	45.9	26.6	0	0	1	1.44
1956	11	101.5	5.3	30.1	6.6	2.5978	0	1	1.44
1956	12	101.5	5.4	77.2	6.5	0	0	0	1.44
1957	1	107.5	5.2	43.4	6.6	0	0	0	1.44
1957	2	107.5	5.56	73	16.5	0	0	0	1.44
1957	3	107.5	9.12	40.7	50.8	0	0	0	1.44
1957	4	107.5	8.37	17.9	75.9	0	0	1	1.44
1957	5	107.5	9.99	38.4	106.6	0	0	1	1.44
1957	6	107.5	15.23	60.7	124.2	0	0	1	1.44
1957	7	107.5	16.75	72.8	138.8	0	0	1	1.44
1957	8	107.5	15.39	96.8	110.9	1.8087	0	1	1.44
1957	9	107.5	12.74	78.7	67.1	0	0	0	1.44
1957	10	107.5	10.88	61.8	34.2	0	0	0	1.44
1957	11	107.5	6	53.3	9.7	0	0	0	1.44
1957	12	107.5	3.83	74.2	4	0	0	0	1.44
1958	1	115	3.4	76.8	8.2	0	0	0	1.44
1958	2	115	4.86	72.7	21.1	0	0	0	1.44
1958	3	115	3.51	57	37.4	0	0	0	1.44
1958	4	115	7.16	36.3	76.2	0	0	0	1.44
1958	5	115	11.52	50.7	109.8	0	0	1	1.44
1958	6	115	13.99	138.8	122	0	0	1	1.44
1958	7	115	15.86	64.9	130.6	0	0	1	1.44
1958	8	115	15.78	63.8	106.4	0	0	1	1.44
1958	9	115	14.93	79.2	64.6	1.3139	0	1	1.44
1958	10	115	10.48	69.6	30.5	0	0	0	1.44
1958	11	115	5.96	54.1	7.7	0	0	0	1.44
1958	12	115	4.39	86.1	3.6	0	0	0	1.44
1959	1	124	0.98	98.1	1.2	0	0	1	1.44
1959	2	124	3.61	16.2	16.3	0	0	1	1.44
1959	3	124	6.9	61.6	42.3	0	0	1	1.44
1959	4	124	9.47	61.4	76.8	0	0	1	1.44
1959	5	124	11.83	19.4	108.5	0	0	1	1.44
1959	6	124	14.84	28.7	124	0	0	1	1.44
1959	7	124	17.35	68.1	134.3	0	0	1	1.44
1959	8	124	17.33	32.6	111.7	2.029	0	1	1.44
1959	9	124	14.35	4.7	66.7	0	0	0	1.44
1959	10	124	11.85	55.3	31.8	0	0	0	1.44
1959	11	124	6.38	59.9	9.8	0	0	1	1.44
1959	12	124	5.46	98.3	5.4	0	0	1	1.44
1960	1	120	3.5	82.2	5.9	0	0	1	1.44
1960	2	120	4.08	63.1	18.1	0	0	1	1.44
1960	3	120	5.75	47.4	46.1	0	0	1	1.44
1960	4	120	8.59	13.5	75.8	0.2594	0	1	1.44
1960	5	120	12.5	45.8	112.8	0.2594	0	1	1.44
1960	6	120	15.56	98.2	120.1	0.2594	0	1	1.44
1960	7	120	15.08	86.9	131.3	0.2594	0	1	1.44
1960	8	120	14.95	95.2	105	0.2594	0	1	1.44
1960	9	120	13.05	110.8	60	1.2972	0	1	1.44
1960	10	120	10.19	119.7	31.7	0	0	1	1.44
1960	11	120	7.33	82.7	5.8	0	0	1	1.44
1960	12	120	3.81	104.5	0.9	0	0	1	1.44
1961	1	125	3.59	64.8	8.8	0	0	0	1.44
1961	2	125	7.16	60.2	19.7	0	0	0	1.44
1961	3	125	7.96	25.4	42.8	0	0	0	1.44
1961	4	125	9.68	70	76.2	0	0	0	1.44
1961	5	125	10.55	26.9	105.7	0	0	1	1.44
1961	6	125	14.49	38.4	122.4	0	0	1	1.44
1961	7	125	15.36	53.3	132.7	0	0	1	1.44
1961	8	125	15.81	78.5	109.4	0	0	1	1.44
1961	9	125	15.24	75.4	69.5	0	0	1	1.44
1961	10	125	10.53	91	31.8	0	0	1	1.44
1961	11	125	5.76	76.8	9.3	2.5972	0	1	1.44
1961	12	125	1.92	108.4	2	0	0	0	1.44
1962	1	135	3.99	89.4	7	0	0	0	1.44
1962	2	135	4.14	24.2	23.6	0	0	0	1.44
1962	3	135	2.21	52.2	38.9	0	0	0	1.44
1962	4	135	7.38	54.4	72.8	0	0	1	1.44
1962	5	135	9.81	69.1	103.6	0	0	1	1.44
1962	6	135	13.15	7.8	116.6	0	0	1	1.44
1962	7	135	14.68	60.6	134.5	0	0	1	1.44
1962	8	135	14.69	86.6	108.2	1.9732	0	1	1.44
1962	9	135	12.51	97.1	60.4	0	0	0	1.44
1962	10	135	10.11	67.1	29.3	0	0	0	1.44
1962	11	135	5.08	71.7	11.6	0	0	0	1.44
1962	12	135	0.78	46.1	-0.5	0	0	0	1.44
1963	1	194	-3.83	42.7	2.1	0	0	0	1.44
1963	2	194	-1.86	22.2	13	0	0	0	1.44
1963	3	194	5.72	81.6	45.5	0	0	0	1.44
1963	4	194	8.39	59.6	75.5	0	0	0	1.44
1963	5	194	10.36	43.8	108.4	0	0	1	1.44
1963	6	194	14.52	36.1	120.7	0	0	1	1.44
1963	7	194	14.61	48.4	121	0	0	1	1.44
1963	8	194	14.05	87.1	107	0	0	1	1.44
1963	9	194	12.58	83.4	61.7	0.9807	0	1	1.44
1963	10	194	10.75	46.2	34.7	0	0	0	1.44
1963	11	194	8.16	113.5	11.4	0	0	0	1.44
1963	12	194	1.81	26.2	2.2	0	0	0	1.44
1964	1	196	2.22	44.2	4.7	0	0	1	1.44
1964	2	196	4.07	35.8	19.8	0	0	1	1.44
1964	3	196	3.7	97.2	45	0	0	1	1.44
1964	4	196	8.39	81.7	78	0	0	1	1.44
1964	5	196	13.16	48.5	112.6	0	0	1	1.44
1964	6	196	13.85	93.1	123.4	0	0	1	1.44
1964	7	196	16.31	28.2	132.8	0	0	1	1.44
1964	8	196	15.59	27.5	106.5	2.029	0	1	1.44
1964	9	196	13.9	33.4	61.3	0	0	0	1.44
1964	10	196	8.37	48.5	27.4	0	0	0	1.44
1964	11	196	7.21	46.6	8.4	0	0	1	1.44
1964	12	196	3.18	59.3	5.1	0	0	1	1.44
1965	1	181	3.22	64	5.7	0	0	1	1.44
1965	2	181	2.51	28.6	22.6	0	0	1	1.44
1965	3	181	5.26	67.1	41.7	0	0	1	1.44
1965	4	181	7.9	61.2	73.9	0.3523	0	1	1.44
1965	5	181	11.24	55.4	108.2	0.3523	0	1	1.44
1965	6	181	13.95	61.6	120.3	0.3523	0	1	1.44
1965	7	181	13.68	96.8	126.3	0.3523	0	1	1.44
1965	8	181	14.67	77.7	103.4	0.3523	0	1	1.44
1965	9	181	12.24	139.6	61.1	1.7616	0	1	1.44
1965	10	181	10.32	63.3	30.6	0	0	1	1.44
1965	11	181	4.29	73.8	5.6	0	0	1	1.44
1965	12	181	4.39	120.1	1.2	0	0	1	1.44
1966	1	174	2.05	44.7	8.8	0	0	0	1.44
1966	2	174	5.97	84.3	22	0	0	0	1.44
1966	3	174	6.01	33.4	42.6	0	0	0	1.44
1966	4	174	7.37	90.3	73.8	0	0	0	1.44
1966	5	174	10.52	63.5	97.7	0	0	1	1.44
1966	6	174	15.25	140.9	121.7	0	0	1	1.44
1966	7	174	14.61	74.8	124.2	0	0	1	1.44
1966	8	174	14.47	126.6	99	0	0	1	1.44
1966	9	174	13.72	80.9	64.7	0	0	1	1.44
1966	10	174	10.18	143.7	30.2	0	0	1	1.44
1966	11	174	4.94	71.6	10.4	2.6	0	1	1.44
1966	12	174	5.06	95.5	5.3	0	0	0	1.44
1967	1	167	4.35	51.7	4.3	0	0	0	1.44
1967	2	167	5.15	78.8	18.6	0	0	0	1.44
1967	3	167	7.2	52.5	46.6	0	0	0	1.44
1967	4	167	7.38	83.4	74	0	0	1	1.44
1967	5	167	10.33	118.9	102.3	0	0	1	1.44
1967	6	167	13.28	61.3	111.3	0	0	1	1.44
1967	7	167	17.03	44.3	132.5	0	0	1	1.44
1967	8	167	15.78	43.7	112	1.9398	0	1	1.44
1967	9	167	13.43	58.8	67.6	0	0	0	1.44
1967	10	167	10.92	120.7	36.6	0	0	0	1.44
1967	11	167	4.97	59.4	8.6	0	0	0	1.44
1967	12	167	3.67	47.8	1.4	0	0	0	1.44
1968	1	161	3.62	46.4	15.3	0	0	0	1.44
1968	2	161	1.76	21.8	18.1	0	0	0	1.44
1968	3	161	6.64	15.8	58.7	0	0	0	1.44
1968	4	161	7.75	50.7	74.8	0	0	0	1.44
1968	5	161	9.69	55.2	100.8	0	0	1	1.44
1968	6	161	14.81	77.4	122.4	0	0	1	1.44
1968	7	161	14.79	108.5	131.7	0	0	1	1.44
1968	8	161	15.34	75.1	115.1	0	0	1	1.44
1968	9	161	14.04	108.2	72.5	1.3848	0	1	1.44
1968	10	161	12.66	40.8	41.5	0	0	0	1.44
1968	11	161	6.27	52.9	15.7	0	0	0	1.44
1968	12	161	2.27	47.1	3	0	0	0	1.44
1969	1	156	5.65	75.9	8.3	0	0	1	1.44
1969	2	156	0.52	57.4	12.6	0	0	1	1.44
1969	3	156	3.32	55.7	39.3	0	0	1	1.44
1969	4	156	7.67	34.7	75	0	0	1	1.44
1969	5	156	11.8	75.2	116.1	0	0	1	1.44
1969	6	156	13.24	29.8	114	0	0	1	1.44
1969	7	156	17.13	40.4	135.8	0	0	1	1.44
1969	8	156	16.48	60.6	124.6	2.029	0	1	1.44
1969	9	156	13.9	12.2	73.8	0	0	0	1.44
1969	10	156	12.9	3.4	37.6	0	0	0	1.44
1969	11	156	5.4	65.3	14.9	0	0	1	1.44
1969	12	156	2.92	49.4	4.8	0	0	1	1.44
1970	1	151	3.58	56.2	5.3	0	0	1	1.44
1970	2	151	2.69	56.9	19.1	0	0	1	1.44
1970	3	151	2.78	44.7	41.1	0	0	1	1.44
1970	4	151	6.69	71.5	80.1	0.262	0	1	1.44
1970	5	151	13.13	6.8	114.8	0.262	0	1	1.44
1970	6	151	16.02	32.7	134.7	0.262	0	1	1.44
1970	7	151	15.5	42.2	152.3	0.262	0	1	1.44
1970	8	151	15.71	63.4	110.6	0.262	0	1	1.44
1970	9	151	14.7	39.3	77	1.3098	0	1	1.44
1970	10	151	10.82	18.1	50.5	0	0	1	1.44
1970	11	151	7.98	130.5	24.6	0	0	1	1.44
1970	12	151	3.66	38	4.9	0	0	1	1.44
1971	1	149	4.17	87	7.5	0	0	0	1.44
1971	2	149	4.16	14.5	17.6	0	0	0	1.44
1971	3	149	4.57	48.4	41	0	0	0	1.44
1971	4	149	7.32	33.5	80.8	0	0	0	1.44
1971	5	149	11.03	35.5	101.5	0	0	1	1.44
1971	6	149	12.1	84.3	124.5	0	0	1	1.44
1971	7	149	16.67	36.6	129.2	0	0	1	1.44
1971	8	149	15.78	85.5	125.7	0	0	1	1.44
1971	9	149	13.36	15.7	55.1	1.7447	0	1	1.44
1971	10	149	11.2	79.5	32.2	0	0	0	1.44
1971	11	149	5.71	66.8	11.1	0	0	0	1.44
1971	12	149	5.88	21	5.1	0	0	0	1.44
1972	1	146	3.54	59.1	10.8	0	0	1	1.44
1972	2	146	4.04	38.1	18.7	0	0	1	1.44
1972	3	146	6.42	42.6	42.7	0	0	1	1.44
1972	4	146	8.03	48.5	93.3	0	0	1	1.44
1972	5	146	10.58	39.9	125.7	0	0	1	1.44
1972	6	146	11.96	27.3	128.4	0	0	1	1.44
1972	7	146	15.32	67.5	137.6	0	0	1	1.44
1972	8	146	14.97	15.2	110	2.4313	0	1	1.44
1972	9	146	11.38	35.7	67.2	0	0	0	1.44
1972	10	146	10.13	21.8	34.3	0	0	0	1.44
1972	11	146	5.99	51.7	15.4	0	0	1	1.44
1972	12	146	5.41	46.3	5.1	0	0	1	1.44
1973	1	143.5	4.14	20	6.5	0	0	0	1.44
1973	2	143.5	3.83	18.5	14.2	0	0	0	1.44
1973	3	143.5	5.53	11.1	37.8	0	0	0	1.44
1973	4	143.5	6.93	46.2	76.8	0	0	0	1.44
1973	5	143.5	11.17	111.3	106.2	0	0	1	1.44
1973	6	143.5	14.57	71.5	117	0	0	1	1.44
1973	7	143.5	15.46	37.2	128.5	0	0	1	1.44
1973	8	143.5	16.54	32.2	109.7	0	0	1	1.44
1973	9	143.5	14.47	36.2	77.1	1.6588	0	1	1.44
1973	10	143.5	8.74	30	28.6	0	0	0	1.44
1973	11	143.5	5.4	32.1	8.7	0	0	0	1.44
1973	12	143.5	4.62	32	2.4	0	0	0	1.44
1974	1	141.5	5.87	64.1	14.7	0	0	0	1.44
1974	2	141.5	5.31	62.8	21.2	0	0	0	1.44
1974	3	141.5	5.27	39.5	42.1	0	0	0	1.44
1974	4	141.5	7.1	15.9	76.4	0	0	1	1.44
1974	5	141.5	10.4	32.5	114.8	0	0	1	1.44
1974	6	141.5	13.39	68.4	124.3	0	0	1	1.44
1974	7	141.5	14.87	41.4	145.6	0	0	1	1.44
1974	8	141.5	14.86	109.8	107.4	1.9567	0	1	1.44
1974	9	141.5	12.08	108.9	62.1	0	0	0	1.44
1974	10	141.5	7.09	90.3	37.2	0	0	0	1.44
1974	11	141.5	6.72	121.5	14.8	0	0	0	1.44
1974	12	141.5	7.76	33.7	17.5	0	0	0	1.44
1975	1	140.5	6.65	63.4	17.3	0	0	1	1.44
1975	2	140.5	3.92	33.4	18	0	0	1	1.44
1975	3	140.5	4.47	106.3	42.1	0	0	1	1.44
1975	4	140.5	8.3	71.2	74.2	0.262	0	1	1.44
1975	5	140.5	9.49	62.2	107.6	0.262	0	1	1.44
1975	6	140.5	13.95	34.1	117.2	0.262	0	1	1.44
1975	7	140.5	17.42	29.9	144.1	0.262	0	1	1.44
1975	8	140.5	18.5	9.8	115	0.262	0	1	1.44
1975	9	140.5	13.59	93.8	69.2	1.3098	0	1	1.44
1975	10	140.5	9.8	26.4	28	0	0	1	1.44
1975	11	140.5	5.48	34.8	6.9	0	0	1	1.44
1975	12	140.5	4.14	32.4	5.6	0	0	1	1.44
1976	1	138	5.34	24.1	15.8	0	0	1	1.44
1976	2	138	4.19	16.9	18.1	0	0	1	1.44
1976	3	138	4.49	18.7	46.1	0	0	1	1.44
1976	4	138	7.8	15.7	80.2	0	0	1	1.44
1976	5	138	12.3	27.7	123.4	0	0	1	1.44
1976	6	138	17.34	14.2	132.9	0	0	1	1.44
1976	7	138	18.35	23.7	134.7	0	0	1	1.44
1976	8	138	16.89	7	111.6	2.1775	0	1	1.44
1976	9	138	13.38	92.6	70.7	0	0	0	1.44
1976	10	138	10.8	108	40.4	0	0	0	1.44
1976	11	138	5.96	50.3	6.9	0	0	1	1.44
1976	12	138	1.59	97.7	-1.1	0	0	1	1.44
1977	1	134.8	2.54	64.5	4.6	0	0	0	1.44
1977	2	134.8	5.09	104.6	19.6	0	0	0	1.44
1977	3	134.8	6.72	51.9	48.1	0	0	0	1.44
1977	4	134.8	6.86	33.1	79.6	0	0	1	1.44
1977	5	134.8	9.85	35.1	104.5	0	0	1	1.44
1977	6	134.8	11.7	80	115.1	0	0	1	1.44
1977	7	134.8	15.49	5.9	132.2	0	0	1	1.44
1977	8	134.8	14.88	154.9	102.3	1.4073	0	1	1.44
1977	9	134.8	13.33	17.4	69.6	0	0	0	1.44
1977	10	134.8	11.47	28.2	33.8	0	0	0	1.44
1977	11	134.8	6.27	56.7	17.7	0	0	0	1.44
1977	12	134.8	5.76	59.3	9	0	0	0	1.44
1978	1	132.4	2.68	71	11.3	0	0	0	1.44
1978	2	132.4	2.43	52.6	16.4	0	0	0	1.44
1978	3	132.4	6.61	64.8	46.2	0	0	0	1.44
1978	4	132.4	6.19	49.9	72.2	0	0	1	1.44
1978	5	132.4	10.75	53.7	92.9	0	0	1	1.44
1978	6	132.4	13.5	53.9	119.7	0	0	1	1.44
1978	7	132.4	14.87	64.1	124.9	0	0	1	1.44
1978	8	132.4	14.9	44.2	105.4	1.8485	0	1	1.44
1978	9	132.4	14.42	30.1	74.2	0	0	0	1.44
1978	10	132.4	11.51	2.8	37.4	0	0	0	1.44
1978	11	132.4	8	26	26.2	0	0	0	1.44
1978	12	132.4	3.72	107	14.5	0	0	0	1.44
1979	1	130.3	-0.86	60.4	-1.6	0	0	0	1.44
1979	2	130.3	0.66	53.9	9.1	0	0	0	1.44
1979	3	130.3	4.53	127.3	37.8	0	0	0	1.44
1979	4	130.3	7.68	86.8	70.8	0	0	1	1.44
1979	5	130.3	10.65	103.5	101.3	0	0	1	1.44
1979	6	130.3	13.73	43.2	113.7	0	0	1	1.44
1979	7	130.3	16.08	13.9	124.1	0	0	1	1.44
1979	8	130.3	15.24	70	103.9	1.8485	0	1	1.44
1979	9	130.3	13.49	15.4	62.7	0	0	0	1.44
1979	10	130.3	10.72	81.1	28.3	0	0	0	1.44
1979	11	130.3	6.51	46.3	15.8	0	0	0	1.44
1979	12	130.3	5.63	130.9	21.7	0	0	0	1.44
1980	1	128.3	1.95	33.1	2.9	0	0	1	1.44
1980	2	128.3	5.56	47	20.8	0	0	1	1.44
1980	3	128.3	4.74	78.7	37.1	0	0	1	1.44
1980	4	128.3	8.03	21.6	64.8	0	0	1	1.44
1980	5	128.3	10.21	30.6	90.2	0	0	1	1.44
1980	6	128.3	14.23	92.3	118	0	0	1	1.44
1980	7	128.3	14.41	113.2	113.7	0	0	1	1.44
1980	8	128.3	15.93	123.6	110.6	2.1361	0	1	1.44
1980	9	128.3	14.82	22.4	74.3	0	0	0	1.44
1980	10	128.3	8.82	81.3	27.6	0	0	1	1.44
1980	11	128.3	5.98	50.4	20.9	0	0	1	1.44
1980	12	128.3	5.01	30.2	17.2	0	0	1	1.44
1981	1	126.4	4.31	30.6	10.8	0	0	1	1.44
1981	2	126.4	2.56	15.7	14.2	0	0	1	1.44
1981	3	126.4	8.04	102.8	65.9	0	0	1	1.44
1981	4	126.4	7.26	70.9	60.5	0	0	1	1.44
1981	5	126.4	11.22	62.8	93.7	0	0	1	1.44
1981	6	126.4	13.32	34.2	115.9	0	0	1	1.44
1981	7	126.4	15.88	43.8	116.5	0	0	1	1.44
1981	8	126.4	16.2	53	95.8	2.8625	0	1	1.44
1981	9	126.4	14.66	71.5	71.7	0	0	0	1.44
1981	10	126.4	8.38	79.3	25.5	0	0	0	1.44
1981	11	126.4	7.12	33.8	19.1	0	0	1	1.44
1981	12	126.4	-0.21	46.9	-0.8	0	0	1	1.44
1982	1	124.7	2.05	41.8	15.1	0	0	0	1.44
1982	2	124.7	4.48	25.6	20.7	0	0	0	1.44
1982	3	124.7	5.9	90.2	45.1	0	0	0	1.44
1982	4	124.7	8.09	27.2	71	0	0	1	1.44
1982	5	124.7	11.23	44	96.8	0	0	1	1.44
1982	6	124.7	15.8	105.9	126.3	0	0	1	1.44
1982	7	124.7	16.39	27.7	116.9	0	0	1	1.44
1982	8	124.7	16.32	44.6	109.2	2.1299	0	1	1.44
1982	9	124.7	14.24	31.5	64.9	0	0	0	1.44
1982	10	124.7	10.09	108.5	24.3	0	0	0	1.44
1982	11	124.7	7.83	79.7	22.4	0	0	0	1.44
1982	12	124.7	4.09	52.7	8.5	0	0	0	1.44
1983	1	123.2	6.63	40.7	48.9	0	0	0	1.44
1983	2	123.2	1.33	28.6	13.5	0	0	0	1.44
1983	3	123.2	6.32	37.8	41.7	0	0	0	1.44
1983	4	123.2	6.92	97.2	62.6	0	0	1	1.44
1983	5	123.2	10.13	119	80.2	0	0	1	1.44
1983	6	123.2	14.41	23.6	123.8	0	0	1	1.44
1983	7	123.2	19.25	58.9	153.1	0	0	1	1.44
1983	8	123.2	17.35	17.5	104.6	1.9398	0	1	1.44
1983	9	123.2	14.03	74	69.7	0	0	0	1.44
1983	10	123.2	10.33	45.2	36.2	0	0	0	1.44
1983	11	123.2	7.27	39.7	19.3	0	0	0	1.44
1983	12	123.2	5.34	45	16.6	0	0	0	1.44
1984	1	121.7	3.68	73	9.2	0	0	0	1.44
1984	2	121.7	3.16	44.5	18.3	0	0	0	1.44
1984	3	121.7	4.53	48.5	38.2	0	0	0	1.44
1984	4	121.7	7.43	8.7	54.8	0	0	1	1.44
1984	5	121.7	9.03	87.6	87.8	0	0	1	1.44
1984	6	121.7	14.26	48.9	115.5	0	0	1	1.44
1984	7	121.7	16.57	12.1	121.3	0	0	1	1.44
1984	8	121.7	17.46	68.5	110	1.9398	0	1	1.44
1984	9	121.7	13.64	88.8	69.5	0	0	0	1.44
1984	10	121.7	11.43	48.4	38.4	0	0	0	1.44
1984	11	121.7	8.1	104.7	21.5	0	0	0	1.44
1984	12	121.7	5.31	49.2	3.7	0	0	0	1.44
1985	1	120.4	0.27	48.8	5.3	0	0	1	1.44
1985	2	120.4	1.31	19.8	15	0	0	1	1.44
1985	3	120.4	4.62	36.2	34.1	0	0	1	1.44
1985	4	120.4	8.44	20.5	79.3	0	0	1	1.44
1985	5	120.4	10.53	71.3	95.3	0	0	1	1.44
1985	6	120.4	12.61	117.3	106.8	0	0	1	1.44
1985	7	120.4	16.23	76.7	120.7	0	0	1	1.44
1985	8	120.4	15.1	49.9	98.5	0	0	1	1.44
1985	9	120.4	14.72	23.2	65.6	2.5933	0	0	1.44
1985	10	120.4	10.85	28.6	36.2	0	0	0	1.44
1985	11	120.4	3.59	43.3	4	0	0	1	1.44
1985	12	120.4	6.74	102.4	24.5	0	0	1	1.44
1986	1	119.1	3.36	80.7	7.8	0	0	1	1.44
1986	2	119.1	-2.5	26.4	7.2	0	0	1	1.44
1986	3	119.1	5.22	58.5	40.4	0	0	1	1.44
1986	4	119.1	5.99	76.7	58.2	0	0	1	1.44
1986	5	119.1	11.47	68	112.7	0	0	1	1.44
1986	6	119.1	14.78	16.2	118.4	0	0	1	1.44
1986	7	119.1	16.32	47.9	129.1	0	0	1	1.44
1986	8	119.1	14.32	103.1	100	3.0219	0	1	1.44
1986	9	119.1	11.13	28.5	46.2	0	0	0	1.44
1986	10	119.1	10.9	74.5	29.1	0	0	0	1.44
1986	11	119.1	7.8	67.9	17.3	0	0	1	1.44
1986	12	119.1	5.77	67.5	17.6	0	0	1	1.44
1987	1	118	-0.04	18.3	0.5	0	0	0	1.44
1987	2	118	3.54	28.8	22.5	0	0	0	1.44
1987	3	118	3.87	48.1	39.4	0	0	0	1.44
1987	4	118	10.3	55.8	80.3	0	0	1	1.44
1987	5	118	9.99	47.6	95.6	0	0	1	1.44
1987	6	118	12.88	108.5	112.8	0	0	1	1.44
1987	7	118	15.66	71.6	126.8	0	0	1	1.44
1987	8	118	15.48	47.5	101.7	1.9732	0	1	1.44
1987	9	118	13.85	37.5	65.9	0	0	0	1.44
1987	10	118	9.61	152.1	25.1	0	0	0	1.44
1987	11	118	6.1	56.9	11.8	0	0	0	1.44
1987	12	118	5.26	25	22.5	0	0	0	1.44
1988	1	116.9	5.13	108.8	8.7	0	0	0	1.44
1988	2	116.9	4.59	30.7	27.2	0	0	0	1.44
1988	3	116.9	6.39	64.4	52	0	0	0	1.44
1988	4	116.9	7.89	28.1	73.2	0	0	1	1.44
1988	5	116.9	11.71	55.7	108.3	0	0	1	1.44
1988	6	116.9	13.98	54.2	110.7	0	0	1	1.44
1988	7	116.9	15.04	105.9	124.3	0	0	1	1.44
1988	8	116.9	15.41	43	120.1	1.9398	0	1	1.44
1988	9	116.9	13.51	71.2	70.2	0	0	0	1.44
1988	10	116.9	10.63	52.2	30.4	0	0	0	1.44
1988	11	116.9	4.61	30.4	6.6	0	0	0	1.44
1988	12	116.9	7.07	24.1	6.7	0	0	0	1.44
1989	1	115.9	5.91	33	6.3	0	0	0	1.44
1989	2	115.9	5.63	59.2	23.7	0	0	0	1.44
1989	3	115.9	7.96	54.5	56.1	0	0	0	1.44
1989	4	115.9	6.4	98.5	55.1	0	0	1	1.44
1989	5	115.9	12.92	29.2	124.1	0	0	1	1.44
1989	6	115.9	14.28	38.8	123	0	0	1	1.44
1989	7	115.9	18.03	40.1	132.4	0	0	1	1.44
1989	8	115.9	16.87	24.2	115.5	1.9398	0	1	1.44
1989	9	115.9	15.19	16.2	64	0	0	0	1.44
1989	10	115.9	12.06	50.8	38.3	0	0	0	1.44
1989	11	115.9	5.67	30.8	3.8	0	0	0	1.44
1989	12	115.9	5.18	146.3	6.8	0	0	0	1.44
1990	1	115	6.59	71	15.4	0	0	1	1.44
1990	2	115	7.64	96.2	37.8	0	0	1	1.44
1990	3	115	8.4	17.7	64.2	0	0	1	1.44
1990	4	115	7.52	28.7	81.5	0	0	1	1.44
1990	5	115	11.99	3.2	123.3	0	0	1	1.44
1990	6	115	13.69	36.6	119.9	0	0	1	1.44
1990	7	115	16.73	29.3	156	0	0	1	1.44
1990	8	115	18.5	24.3	130.4	0	0	1	1.44
1990	9	115	13.12	31.4	78.5	2.5933	0	0	1.44
1990	10	115	12.19	37	40.6	0	0	0	1.44
1990	11	115	6.68	28.3	14.8	0	0	1	1.44
1990	12	115	4.17	56.8	7.4	0	0	1	1.44
1991	1	114.2	3.24	54.7	10.9	0	0	1	1.44
1991	2	114.2	1.11	44.4	13.6	0	0	1	1.44
1991	3	114.2	7.9	30.2	38.4	0	0	1	1.44
1991	4	114.2	7.75	68.5	78.3	0	0	1	1.44
1991	5	114.2	10.33	12.8	81.5	0	0	1	1.44
1991	6	114.2	12.37	83.4	103.3	0	0	1	1.44
1991	7	114.2	17.24	72.4	133.6	0	0	1	1.44
1991	8	114.2	17.15	15.9	117	3.1909	0	1	1.44
1991	9	114.2	14.52	90.6	67.4	0	0	0	1.44
1991	10	114.2	9.67	31.1	28.2	0	0	0	1.44
1991	11	114.2	6.53	66.3	10.8	0	0	1	1.44
1991	12	114.2	3.71	12.1	3.4	0	0	1	1.44
1992	1	113.4	3.3	49.7	9.8	0	0	1	1.44
1992	2	113.4	5.22	14.9	25.2	0	0	1	1.44
1992	3	113.4	7.46	47.2	47.1	0	0	1	1.44
1992	4	113.4	8.64	59.1	70.3	0	0	1	1.44
1992	5	113.4	13.2	69.1	127.4	0	0	1	1.44
1992	6	113.4	15.14	45.5	115.6	0	0	1	1.44
1992	7	113.4	16.77	93	112.2	0	0	1	1.44
1992	8	113.4	15.92	102.4	108.7	2.1673	0	1	1.44
1992	9	113.4	13.77	115.3	58.4	0	0	0	1.44
1992	10	113.4	7.61	76.6	23	0	0	0	1.44
1992	11	113.4	7.32	100.5	10.7	0	0	1	1.44
1992	12	113.4	3.26	42.2	1.9	0	0	1	1.44
1993	1	112.7	5.88	81.6	17.7	0	0	0	1.44
1993	2	112.7	4.24	8.8	14.1	0	0	0	1.44
1993	3	112.7	6.61	23.2	44	0	0	0	1.44
1993	4	112.7	9.37	96.2	60.1	0	0	1	1.44
1993	5	112.7	11.66	64.8	100.7	0	0	1	1.44
1993	6	112.7	14.81	79.1	106.3	0	0	1	1.44
1993	7	112.7	15.61	51.2	110	0	0	1	1.44
1993	8	112.7	14.92	40.2	104.7	1.9398	0	1	1.44
1993	9	112.7	12.35	84.5	39.3	0	0	0	1.44
1993	10	112.7	8.45	103.3	23.3	0	0	0	1.44
1993	11	112.7	4.57	63.4	5.1	0	0	0	1.44
1993	12	112.7	5.38	98.4	8.7	0	0	0	1.44
1994	1	112	5.29	71.5	6.6	0	0	0	1.44
1994	2	112	3.29	55.3	11	0	0	0	1.44
1994	3	112	7.7	43.3	60.5	0	0	0	1.44
1994	4	112	8.13	54.3	87.9	0	0	1	1.44
1994	5	112	10.55	65.6	96.4	0	0	1	1.44
1994	6	112	14.53	31.9	150.8	0	0	1	1.44
1994	7	112	18.42	9.2	152	0	0	1	1.44
1994	8	112	16.55	47.2	132.7	1.9398	0	1	1.44
1994	9	112	12.84	72.1	66.7	0	0	0	1.44
1994	10	112	9.83	65.8	30.2	0	0	0	1.44
1994	11	112	9.57	34.8	11.1	0	0	0	1.44
1994	12	112	6.08	58.9	13.9	0	0	0	1.44
1995	1	111.4	4.4	103.3	16.1	0	0	1	1.44
1995	2	111.4	6.29	64.6	30.2	0	0	1	1.44
1995	3	111.4	5.31	53.2	61.1	0	0	1	1.44
1995	4	111.4	9.07	18.5	83.9	0	0	1	1.44
1995	5	111.4	11.42	28.5	127.2	0	0	1	1.44
1995	6	111.4	13.86	15.7	132.8	0	0	1	1.44
1995	7	111.4	18.72	36.6	157	0	0	1	1.44
1995	8	111.4	18.7	1.9	153.1	0	0	1	1.44
1995	9	111.4	13.16	148.4	54.2	2.5933	0	0	1.44
1995	10	111.4	13.12	29.1	43	0	0	0	1.44
1995	11	111.4	7.36	65.2	6.8	0	0	1	1.44
1995	12	111.4	1.51	85.2	0.1	0	0	1	1.44
1996	1	110.8	3.73	37.1	6.6	0	0	1	1.44
1996	2	110.8	2.05	58.5	19	0	0	1	1.44
1996	3	110.8	4.15	23.2	33	0	0	1	1.44
1996	4	110.8	8.3	30.7	72.1	0	0	1	1.44
1996	5	110.8	8.87	24	107.1	0	0	1	1.44
1996	6	110.8	14.5	26.1	151.3	0	0	1	1.44
1996	7	110.8	16.48	42.2	140.9	0	0	1	1.44
1996	8	110.8	16.58	63.5	100.5	2.8625	0	1	1.44
1996	9	110.8	13.47	14.7	71	0	0	0	1.44
1996	10	110.8	11.35	40.1	43.1	0	0	0	1.44
1996	11	110.8	5.58	81.9	15.5	0	0	1	1.44
1996	12	110.8	2.24	27.3	0.3	0	0	1	1.44
1997	1	110.3	1.6	13.7	1.9	0	0	1	1.44
1997	2	110.3	6.52	54.5	30.3	0	0	1	1.44
1997	3	110.3	8.31	7	55.7	0	0	1	1.44
1997	4	110.3	8.16	10.7	75.5	0	0	1	1.44
1997	5	110.3	11.12	60	112.1	0	0	1	1.44
1997	6	110.3	14.25	97.5	114.1	0	0	1	1.44
1997	7	110.3	16.57	34.9	128.1	0	0	1	1.44
1997	8	110.3	19.65	29.8	115.9	2.042	0	1	1.44
1997	9	110.3	14.57	17.9	83.6	0	0	0	1.44
1997	10	110.3	9.79	60.8	33.1	0	0	0	1.44
1997	11	110.3	8.2	64.6	10.4	0	0	1	1.44
1997	12	110.3	5.43	51.6	9.4	0	0	1	1.44
1998	1	109.8	5.14	54	12.6	0	0	1	1.44
1998	2	109.8	7.17	8	28.5	0	0	1	1.44
1998	3	109.8	7.59	50.6	41.9	0	0	1	1.44
1998	4	109.8	7.8	124.1	63	0	0	1	1.44
1998	5	109.8	12.58	13.9	119.2	0	0	1	1.44
1998	6	109.8	14.48	112.5	117.3	0	0	1	1.44
1998	7	109.8	15.91	28.7	139.1	0	0	1	1.44
1998	8	109.8	16.02	25.4	131.4	2.3551	0	1	1.44
1998	9	109.8	14.92	103.1	74.1	0	0	0	1.44
1998	10	109.8	10.53	102.9	41.4	0	0	0	1.44
1998	11	109.8	5.25	70.2	10.2	0	0	1	1.44
1998	12	109.8	5.58	57.7	-1.4	0	0	1	1.44
1999	1	109.4	5.54	71.7	-3.5	0	0	0	1.44
1999	2	109.4	5	18.6	4.7	0	0	0	1.44
1999	3	109.4	7.35	36.8	-9.5	0	0	0	1.44
1999	4	109.4	9.48	47.8	0.4	0	0	0	1.44
1999	5	109.4	12.94	26.5	10.2	0	0	1	1.44
1999	6	109.4	13.6	97.2	8.2	0	0	1	1.44
1999	7	109.4	17.71	10.2	160.8	0	0	1	1.44
1999	8	109.4	16.28	114.2	91.2	0	0	1	1.44
1999	9	109.4	15.95	71	67.6	0	0	1	1.44
1999	10	109.4	10.37	66.8	30.1	2.061	0	1	1.44
1999	11	109.4	7.39	32.4	8.6	0	0	0	1.44
1999	12	109.4	4.46	73.8	3.1	0	0	0	1.44
2000	1	109	4.53	28.6	3.9	0	0	1	1.44
2000	2	109	6.09	74	22.4	0	0	1	1.44
2000	3	109	7.04	25.4	46	0	0	1	1.44
2000	4	109	7.78	137.8	64.5	0	0	1	1.44
2000	5	109	11.96	96.2	105.6	0	0	1	1.44
2000	6	109	15.66	21.4	123.5	0	0	1	1.44
2000	7	109	15.26	43.4	109.1	0	0	1	1.44
2000	8	109	17.17	66.6	116.8	0	0	1	1.44
2000	9	109	15.21	83.6	75.6	3.0874	0	0	1.44
2000	10	109	10.59	137.4	35	0	0	0	1.44
2000	11	109	7.01	85.6	12.7	0	0	1	1.44
2000	12	109	5.48	70.4	3.2	0	0	1	1.44
2001	1	108.6	2.97	50	1.2	0	0	1	1.44
2001	2	108.6	4.57	79.6	13	0	0	1	1.44
2001	3	108.6	5.29	97.6	28.6	0	0	1	1.44
2001	4	108.6	7.88	80.4	65	0	0	1	1.44
2001	5	108.6	12.32	48.2	114.7	0	0	1	1.44
2001	6	108.6	14.24	25.4	127.1	0	0	1	1.44
2001	7	108.6	17.3	80.2	130.8	0	0	1	1.44
2001	8	108.6	17.25	85.6	100.8	2.2117	0	1	1.44
2001	9	108.6	13.09	70.4	59.9	0	0	0	1.44
2001	10	108.6	13.68	111.6	28.9	0	0	0	1.44
2001	11	108.6	6.77	53	6.6	0	0	1	1.44
2001	12	108.6	2.62	22.2	-1.8	0	0	1	1.44
2002	1	108.2	5.51	46.8	5.9	0	0	1	1.44
2002	2	108.2	6.92	68.2	26.8	0	0	1	1.44
2002	3	108.2	7.36	40	46.1	0	0	1	1.44
2002	4	108.2	9.28	29.4	86.6	0	0	1	1.44
2002	5	108.2	11.9	62.4	112.8	0	0	1	1.44
2002	6	108.2	14.66	27.6	125.8	0	0	1	1.44
2002	7	108.2	16.51	55.2	119.4	0	0	1	1.44
2002	8	108.2	17.38	40.2	91.6	2.296	0	1	1.44
2002	9	108.2	13.95	19.4	61.1	0	0	0	1.44
2002	10	108.2	9.96	109.8	28.9	0	0	0	1.44
2002	11	108.2	8.48	120.2	7.3	0	0	1	1.44
2002	12	108.2	5.59	109.6	-2.3	0	0	1	1.44
2003	1	107.9	4.03	74.4	2.8	0	0	1	1.44
2003	2	107.9	3.98	17.6	12.1	0	0	1	1.44
2003	3	107.9	7.79	20.2	52.7	0	0	1	1.44
2003	4	107.9	8.99	28.3	68.3	0	0	1	1.44
2003	5	107.9	12.18	18	123.5	0	0	1	1.44
2003	6	107.9	16.17	53.6	134.9	0	0	1	1.44
2003	7	107.9	17.69	47.4	135.5	0	0	1	1.44
2003	8	107.9	18.44	5.2	125.5	2.2412	0	1	1.44
2003	9	107.9	14.37	20.8	74	0	0	0	1.44
2003	10	107.9	8.82	38	34.1	0	0	0	1.44
2003	11	107.9	8.46	101.8	9.9	0	0	1	1.44
2003	12	107.9	4.48	73.6	0.2	0	0	1	1.44
2004	1	107.6	4.97	76	7.1	0	0	0	1.44
2004	2	107.6	5.09	34.6	17.3	0	0	0	1.44
2004	3	107.6	6.33	40.4	39.2	0	0	0	1.44
2004	4	107.6	9.35	101.2	68.6	0	0	0	1.44
2004	5	107.6	12.36	19.8	124.7	0	0	1	1.44
2004	6	107.6	15.61	24.2	141.1	0	0	1	1.44
2004	7	107.6	16.23	46.2	130.1	0	0	1	1.44
2004	8	107.6	18.19	109.6	115.4	0	0	1	1.44
2004	9	107.6	15.07	25.6	83.7	0	0	1	1.44
2004	10	107.6	10.74	103.4	30.5	2.4946	0	1	1.44
2004	11	107.6	7.28	61.8	5.4	0	0	0	1.44
2004	12	107.6	4.89	28.8	1.6	0	0	0	1.44
2005	1	107.3	5.56	23.4	14.3	0	0	1	1.44
2005	2	107.3	3.85	33.6	15.7	0	0	1	1.44
2005	3	107.3	6.74	45	40.2	0	0	1	1.44
2005	4	107.3	9.01	33.4	73.6	0	0	1	1.44
2005	5	107.3	11.33	27	115.9	0	0	1	1.44
2005	6	107.3	15.56	42.8	126.8	0	0	1	1.44
2005	7	107.3	16.77	51	124.8	0	0	1	1.44
2005	8	107.3	16.21	48	112.3	0	0	1	1.44
2005	9	107.3	15.44	69	69.4	2.0861	0	0	1.44
2005	10	107.3	13.27	66	30.9	0	0	0	1.44
2005	11	107.3	5.85	35	10.7	0	0	1	1.44
2005	12	107.3	4.22	28.8	0.2	0	0	1	1.44
2006	1	107.1	3.78	20.8	1.8	0	0	1	1.44
2006	2	107.1	3.28	31.6	17.1	0	0	1	1.44
2006	3	107.1	4.91	42.4	40.9	0	0	1	1.44
2006	4	107.1	8.79	38.4	81	0	0	1	1.44
2006	5	107.1	12.49	79	102.8	0	0	1	1.44
2006	6	107.1	15.98	9	140.5	0	0	1	1.44
2006	7	107.1	19.9	66.2	143.6	0	0	1	1.44
2006	8	107.1	16.37	57.6	88.7	3.0533	0	1	1.44
2006	9	107.1	17.26	70.4	51.4	0	0	0	1.44
2006	10	107.1	13.31	92.8	1	0	0	0	1.44
2006	11	107.1	8.14	51.6	-20.7	0	0	1	1.44
2006	12	107.1	6.18	50	-6.2	0	0	1	1.44
2007	1	106.8	6.95	63.6	17.2	0	0	1	1.44
2007	2	106.8	5.68	63	13.5	0	0	1	1.44
2007	3	106.8	6.88	35.4	49.2	0	0	1	1.44
2007	4	106.8	10.82	2	83.7	0	0	1	1.44
2007	5	106.8	12.11	120.6	96.3	0	0	1	1.44
2007	6	106.8	15.56	46.2	110.8	0	0	1	1.44
2007	7	106.8	15.81	94.6	127.5	0	0	1	1.44
2007	8	106.8	15.66	49.2	101.1	1.9742	0	1	1.44
2007	9	106.8	13.8	21.2	63	0	0	0	1.44
2007	10	106.8	10.58	78.4	21	0	0	0	1.44
2007	11	106.8	6.72	53.1	9.3	0	0	1	1.44
2007	12	106.8	4.63	52.5	5.6	0	0	1	1.44
